0 1 1
1 0 1
0 5 1
5 0 1
1 2 1
2 1 1
1 5 1 
5 1 1
2 3 1
3 2 1
2 4 1
4 2 1
2 6 1
6 2 1
3 4 1
4 3 1
3 6 1
6 3 1
4 7 1
7 4 1
5 6 1
6 5 1
5 8 1
8 5 1
5 10 1
10 5 1
6 7 1
7 6 1
6 8 1
8 6 1
7 9 1
9 7 1
8 9 1
9 8 1
8 10 1
10 8 1
8 11 1
11 8 1
9 12 1
12 9 1
9 13 1
13 9 1
10 11 1
11 10 1
10 14 1
14 10 1
10 18 1
18 10 1
11 12 1
12 11 1
11 15 1
15 11 1
12 13 1
13 12 1
12 16 1
16 12 1
13 17 1
17 13 1
14 15 1
15 14 1
14 19 1
19 14 1
15 16 1
16 15 1
15 20 1
20 15 1
15 21 1
21 15 1
16 17 1
17 16 1
16 21 1
21 16 1
16 22 1
22 16 1
17 23 1
23 17 1
18 19 1
19 18 1
19 20 1
20 19 1
20 21 1
21 20 1
21 22 1
22 21 1
22 23 1
23 22 1